!----------------------------------------------------------------------
! Basis Set Exchange
! Version 0.12
! https://www.basissetexchange.org
!----------------------------------------------------------------------
!   Basis set: cc-pVDZ
! Description: cc-pVDZ
!        Role: orbital
!     Version: 1  (Data from ccRepo/Grant Hill)
!----------------------------------------------------------------------


H     0
S    1   1.00
      1.301000D+01           1.00000000D+00
S    1   1.00
      1.962000D+00           1.00000000D+00
S    1   1.00
      4.446000D-01           1.00000000D+00
S    1   1.00
      1.220000D-01           1.00000000D+00
P    1   1.00
      7.270000D-01           1.00000000D+00
****
He     0
S    1   1.00
      3.836000D+01           1.00000000D+00
S    1   1.00
      5.770000D+00           1.00000000D+00
S    1   1.00
      1.240000D+00           1.00000000D+00
S    1   1.00
      2.976000D-01           1.00000000D+00
P    1   1.00
      1.275000D+00           1.00000000D+00
****
Li     0
S    1   1.00
      1.469000D+03           1.00000000D+00
S    1   1.00
      2.205000D+02           1.00000000D+00
S    1   1.00
      5.026000D+01           1.00000000D+00
S    1   1.00
      1.424000D+01           1.00000000D+00
S    1   1.00
      4.581000D+00           1.00000000D+00
S    1   1.00
      1.580000D+00           1.00000000D+00
S    1   1.00
      5.640000D-01           1.00000000D+00
S    1   1.00
      7.345000D-02           1.00000000D+00
S    1   1.00
      2.805000D-02           1.00000000D+00
P    1   1.00
      1.534000D+00           1.00000000D+00
P    1   1.00
      2.749000D-01           1.00000000D+00
P    1   1.00
      7.362000D-02           1.00000000D+00
P    1   1.00
      2.403000D-02           1.00000000D+00
D    1   1.00
      1.144000D-01           1.00000000D+00
****
Be     0
S    1   1.00
      2.940000D+03           1.00000000D+00
S    1   1.00
      4.412000D+02           1.00000000D+00
S    1   1.00
      1.005000D+02           1.00000000D+00
S    1   1.00
      2.843000D+01           1.00000000D+00
S    1   1.00
      9.169000D+00           1.00000000D+00
S    1   1.00
      3.196000D+00           1.00000000D+00
S    1   1.00
      1.159000D+00           1.00000000D+00
S    1   1.00
      1.811000D-01           1.00000000D+00
S    1   1.00
      5.890000D-02           1.00000000D+00
P    1   1.00
      3.619000D+00           1.00000000D+00
P    1   1.00
      7.110000D-01           1.00000000D+00
P    1   1.00
      1.951000D-01           1.00000000D+00
P    1   1.00
      6.018000D-02           1.00000000D+00
D    1   1.00
      2.354000D-01           1.00000000D+00
****
B     0
S    1   1.00
      4.570000D+03           1.00000000D+00
S    1   1.00
      6.859000D+02           1.00000000D+00
S    1   1.00
      1.565000D+02           1.00000000D+00
S    1   1.00
      4.447000D+01           1.00000000D+00
S    1   1.00
      1.448000D+01           1.00000000D+00
S    1   1.00
      5.131000D+00           1.00000000D+00
S    1   1.00
      1.898000D+00           1.00000000D+00
S    1   1.00
      3.329000D-01           1.00000000D+00
S    1   1.00
      1.043000D-01           1.00000000D+00
P    1   1.00
      6.001000D+00           1.00000000D+00
P    1   1.00
      1.241000D+00           1.00000000D+00
P    1   1.00
      3.364000D-01           1.00000000D+00
P    1   1.00
      9.538000D-02           1.00000000D+00
D    1   1.00
      3.430000D-01           1.00000000D+00
****
C     0
S    1   1.00
      6.665000D+03           1.00000000D+00
S    1   1.00
      1.000000D+03           1.00000000D+00
S    1   1.00
      2.280000D+02           1.00000000D+00
S    1   1.00
      6.471000D+01           1.00000000D+00
S    1   1.00
      2.106000D+01           1.00000000D+00
S    1   1.00
      7.495000D+00           1.00000000D+00
S    1   1.00
      2.797000D+00           1.00000000D+00
S    1   1.00
      5.215000D-01           1.00000000D+00
S    1   1.00
      1.596000D-01           1.00000000D+00
P    1   1.00
      9.439000D+00           1.00000000D+00
P    1   1.00
      2.002000D+00           1.00000000D+00
P    1   1.00
      5.456000D-01           1.00000000D+00
P    1   1.00
      1.517000D-01           1.00000000D+00
D    1   1.00
      5.500000D-01           1.00000000D+00
****
N     0
S    1   1.00
      9.046000D+03           1.00000000D+00
S    1   1.00
      1.357000D+03           1.00000000D+00
S    1   1.00
      3.093000D+02           1.00000000D+00
S    1   1.00
      8.773000D+01           1.00000000D+00
S    1   1.00
      2.856000D+01           1.00000000D+00
S    1   1.00
      1.021000D+01           1.00000000D+00
S    1   1.00
      3.838000D+00           1.00000000D+00
S    1   1.00
      7.466000D-01           1.00000000D+00
S    1   1.00
      2.248000D-01           1.00000000D+00
P    1   1.00
      1.355000D+01           1.00000000D+00
P    1   1.00
      2.917000D+00           1.00000000D+00
P    1   1.00
      7.973000D-01           1.00000000D+00
P    1   1.00
      2.185000D-01           1.00000000D+00
D    1   1.00
      8.170000D-01           1.00000000D+00
****
O     0
S    1   1.00
      1.172000D+04           1.00000000D+00
S    1   1.00
      1.759000D+03           1.00000000D+00
S    1   1.00
      4.008000D+02           1.00000000D+00
S    1   1.00
      1.137000D+02           1.00000000D+00
S    1   1.00
      3.703000D+01           1.00000000D+00
S    1   1.00
      1.327000D+01           1.00000000D+00
S    1   1.00
      5.025000D+00           1.00000000D+00
S    1   1.00
      1.013000D+00           1.00000000D+00
S    1   1.00
      3.023000D-01           1.00000000D+00
P    1   1.00
      1.770000D+01           1.00000000D+00
P    1   1.00
      3.854000D+00           1.00000000D+00
P    1   1.00
      1.046000D+00           1.00000000D+00
P    1   1.00
      2.753000D-01           1.00000000D+00
D    1   1.00
      1.185000D+00           1.00000000D+00
****
F     0
S    1   1.00
      1.471000D+04           1.00000000D+00
S    1   1.00
      2.207000D+03           1.00000000D+00
S    1   1.00
      5.028000D+02           1.00000000D+00
S    1   1.00
      1.426000D+02           1.00000000D+00
S    1   1.00
      4.647000D+01           1.00000000D+00
S    1   1.00
      1.670000D+01           1.00000000D+00
S    1   1.00
      6.356000D+00           1.00000000D+00
S    1   1.00
      1.316000D+00           1.00000000D+00
S    1   1.00
      3.897000D-01           1.00000000D+00
P    1   1.00
      2.267000D+01           1.00000000D+00
P    1   1.00
      4.977000D+00           1.00000000D+00
P    1   1.00
      1.347000D+00           1.00000000D+00
P    1   1.00
      3.471000D-01           1.00000000D+00
D    1   1.00
      1.640000D+00           1.00000000D+00
****
Ne     0
S    1   1.00
      1.788000D+04           1.00000000D+00
S    1   1.00
      2.683000D+03           1.00000000D+00
S    1   1.00
      6.115000D+02           1.00000000D+00
S    1   1.00
      1.735000D+02           1.00000000D+00
S    1   1.00
      5.664000D+01           1.00000000D+00
S    1   1.00
      2.042000D+01           1.00000000D+00
S    1   1.00
      7.810000D+00           1.00000000D+00
S    1   1.00
      1.653000D+00           1.00000000D+00
S    1   1.00
      4.869000D-01           1.00000000D+00
P    1   1.00
      2.839000D+01           1.00000000D+00
P    1   1.00
      6.270000D+00           1.00000000D+00
P    1   1.00
      1.695000D+00           1.00000000D+00
P    1   1.00
      4.317000D-01           1.00000000D+00
D    1   1.00
      2.202000D+00           1.00000000D+00
****
Na     0
S    1   1.00
      3.170000D+04           1.00000000D+00
S    1   1.00
      4.755000D+03           1.00000000D+00
S    1   1.00
      1.082000D+03           1.00000000D+00
S    1   1.00
      3.064000D+02           1.00000000D+00
S    1   1.00
      9.953000D+01           1.00000000D+00
S    1   1.00
      3.542000D+01           1.00000000D+00
S    1   1.00
      1.330000D+01           1.00000000D+00
S    1   1.00
      4.392000D+00           1.00000000D+00
S    1   1.00
      1.676000D+00           1.00000000D+00
S    1   1.00
      5.889000D-01           1.00000000D+00
S    1   1.00
      5.640000D-02           1.00000000D+00
S    1   1.00
      2.307000D-02           1.00000000D+00
P    1   1.00
      1.381000D+02           1.00000000D+00
P    1   1.00
      3.224000D+01           1.00000000D+00
P    1   1.00
      9.985000D+00           1.00000000D+00
P    1   1.00
      3.484000D+00           1.00000000D+00
P    1   1.00
      1.231000D+00           1.00000000D+00
P    1   1.00
      4.177000D-01           1.00000000D+00
P    1   1.00
      6.513000D-02           1.00000000D+00
P    1   1.00
      2.053000D-02           1.00000000D+00
D    1   1.00
      9.280000D-02           1.00000000D+00
****
Mg     0
S    1   1.00
      4.739000D+04           1.00000000D+00
S    1   1.00
      7.108000D+03           1.00000000D+00
S    1   1.00
      1.618000D+03           1.00000000D+00
S    1   1.00
      4.584000D+02           1.00000000D+00
S    1   1.00
      1.493000D+02           1.00000000D+00
S    1   1.00
      5.359000D+01           1.00000000D+00
S    1   1.00
      2.070000D+01           1.00000000D+00
S    1   1.00
      8.384000D+00           1.00000000D+00
S    1   1.00
      2.542000D+00           1.00000000D+00
S    1   1.00
      8.787000D-01           1.00000000D+00
S    1   1.00
      1.077000D-01           1.00000000D+00
S    1   1.00
      3.999000D-02           1.00000000D+00
P    1   1.00
      1.799000D+02           1.00000000D+00
P    1   1.00
      4.214000D+01           1.00000000D+00
P    1   1.00
      1.313000D+01           1.00000000D+00
P    1   1.00
      4.628000D+00           1.00000000D+00
P    1   1.00
      1.670000D+00           1.00000000D+00
P    1   1.00
      5.857000D-01           1.00000000D+00
P    1   1.00
      1.311000D-01           1.00000000D+00
P    1   1.00
      4.112000D-02           1.00000000D+00
D    1   1.00
      1.932000D-01           1.00000000D+00
****
Al     0
S    1   1.00
      6.415000D+04           1.00000000D+00
S    1   1.00
      9.617000D+03           1.00000000D+00
S    1   1.00
      2.189000D+03           1.00000000D+00
S    1   1.00
      6.205000D+02           1.00000000D+00
S    1   1.00
      2.027000D+02           1.00000000D+00
S    1   1.00
      7.315000D+01           1.00000000D+00
S    1   1.00
      2.855000D+01           1.00000000D+00
S    1   1.00
      1.177000D+01           1.00000000D+00
S    1   1.00
      3.300000D+00           1.00000000D+00
S    1   1.00
      1.173000D+00           1.00000000D+00
S    1   1.00
      1.752000D-01           1.00000000D+00
S    1   1.00
      6.473000D-02           1.00000000D+00
P    1   1.00
      2.588000D+02           1.00000000D+00
P    1   1.00
      6.089000D+01           1.00000000D+00
P    1   1.00
      1.914000D+01           1.00000000D+00
P    1   1.00
      6.881000D+00           1.00000000D+00
P    1   1.00
      2.574000D+00           1.00000000D+00
P    1   1.00
      9.572000D-01           1.00000000D+00
P    1   1.00
      2.099000D-01           1.00000000D+00
P    1   1.00
      5.986000D-02           1.00000000D+00
D    1   1.00
      1.890000D-01           1.00000000D+00
****
Si     0
S    1   1.00
      7.886000D+04           1.00000000D+00
S    1   1.00
      1.182000D+04           1.00000000D+00
S    1   1.00
      2.692000D+03           1.00000000D+00
S    1   1.00
      7.634000D+02           1.00000000D+00
S    1   1.00
      2.496000D+02           1.00000000D+00
S    1   1.00
      9.028000D+01           1.00000000D+00
S    1   1.00
      3.529000D+01           1.00000000D+00
S    1   1.00
      1.451000D+01           1.00000000D+00
S    1   1.00
      4.053000D+00           1.00000000D+00
S    1   1.00
      1.482000D+00           1.00000000D+00
S    1   1.00
      2.517000D-01           1.00000000D+00
S    1   1.00
      9.243000D-02           1.00000000D+00
P    1   1.00
      3.159000D+02           1.00000000D+00
P    1   1.00
      7.442000D+01           1.00000000D+00
P    1   1.00
      2.348000D+01           1.00000000D+00
P    1   1.00
      8.488000D+00           1.00000000D+00
P    1   1.00
      3.217000D+00           1.00000000D+00
P    1   1.00
      1.229000D+00           1.00000000D+00
P    1   1.00
      2.964000D-01           1.00000000D+00
P    1   1.00
      8.768000D-02           1.00000000D+00
D    1   1.00
      2.750000D-01           1.00000000D+00
****
P     0
S    1   1.00
      9.484000D+04           1.00000000D+00
S    1   1.00
      1.422000D+04           1.00000000D+00
S    1   1.00
      3.236000D+03           1.00000000D+00
S    1   1.00
      9.171000D+02           1.00000000D+00
S    1   1.00
      2.995000D+02           1.00000000D+00
S    1   1.00
      1.081000D+02           1.00000000D+00
S    1   1.00
      4.218000D+01           1.00000000D+00
S    1   1.00
      1.728000D+01           1.00000000D+00
S    1   1.00
      4.858000D+00           1.00000000D+00
S    1   1.00
      1.818000D+00           1.00000000D+00
S    1   1.00
      3.372000D-01           1.00000000D+00
S    1   1.00
      1.232000D-01           1.00000000D+00
P    1   1.00
      3.705000D+02           1.00000000D+00
P    1   1.00
      8.733000D+01           1.00000000D+00
P    1   1.00
      2.759000D+01           1.00000000D+00
P    1   1.00
      1.000000D+01           1.00000000D+00
P    1   1.00
      3.825000D+00           1.00000000D+00
P    1   1.00
      1.494000D+00           1.00000000D+00
P    1   1.00
      3.921000D-01           1.00000000D+00
P    1   1.00
      1.186000D-01           1.00000000D+00
D    1   1.00
      3.730000D-01           1.00000000D+00
****
S     0
S    1   1.00
      1.108000D+05           1.00000000D+00
S    1   1.00
      1.661000D+04           1.00000000D+00
S    1   1.00
      3.781000D+03           1.00000000D+00
S    1   1.00
      1.071000D+03           1.00000000D+00
S    1   1.00
      3.498000D+02           1.00000000D+00
S    1   1.00
      1.263000D+02           1.00000000D+00
S    1   1.00
      4.926000D+01           1.00000000D+00
S    1   1.00
      2.016000D+01           1.00000000D+00
S    1   1.00
      5.720000D+00           1.00000000D+00
S    1   1.00
      2.182000D+00           1.00000000D+00
S    1   1.00
      4.327000D-01           1.00000000D+00
S    1   1.00
      1.570000D-01           1.00000000D+00
P    1   1.00
      3.997000D+02           1.00000000D+00
P    1   1.00
      9.419000D+01           1.00000000D+00
P    1   1.00
      2.975000D+01           1.00000000D+00
P    1   1.00
      1.077000D+01           1.00000000D+00
P    1   1.00
      4.119000D+00           1.00000000D+00
P    1   1.00
      1.625000D+00           1.00000000D+00
P    1   1.00
      4.726000D-01           1.00000000D+00
P    1   1.00
      1.407000D-01           1.00000000D+00
D    1   1.00
      4.790000D-01           1.00000000D+00
****
Cl     0
S    1   1.00
      1.279000D+05           1.00000000D+00
S    1   1.00
      1.917000D+04           1.00000000D+00
S    1   1.00
      4.363000D+03           1.00000000D+00
S    1   1.00
      1.236000D+03           1.00000000D+00
S    1   1.00
      4.036000D+02           1.00000000D+00
S    1   1.00
      1.457000D+02           1.00000000D+00
S    1   1.00
      5.681000D+01           1.00000000D+00
S    1   1.00
      2.323000D+01           1.00000000D+00
S    1   1.00
      6.644000D+00           1.00000000D+00
S    1   1.00
      2.575000D+00           1.00000000D+00
S    1   1.00
      5.371000D-01           1.00000000D+00
S    1   1.00
      1.938000D-01           1.00000000D+00
P    1   1.00
      4.176000D+02           1.00000000D+00
P    1   1.00
      9.833000D+01           1.00000000D+00
P    1   1.00
      3.104000D+01           1.00000000D+00
P    1   1.00
      1.119000D+01           1.00000000D+00
P    1   1.00
      4.249000D+00           1.00000000D+00
P    1   1.00
      1.624000D+00           1.00000000D+00
P    1   1.00
      5.322000D-01           1.00000000D+00
P    1   1.00
      1.620000D-01           1.00000000D+00
D    1   1.00
      6.000000D-01           1.00000000D+00
****
Ar     0
S    1   1.00
      1.457000D+05           1.00000000D+00
S    1   1.00
      2.184000D+04           1.00000000D+00
S    1   1.00
      4.972000D+03           1.00000000D+00
S    1   1.00
      1.408000D+03           1.00000000D+00
S    1   1.00
      4.597000D+02           1.00000000D+00
S    1   1.00
      1.659000D+02           1.00000000D+00
S    1   1.00
      6.469000D+01           1.00000000D+00
S    1   1.00
      2.644000D+01           1.00000000D+00
S    1   1.00
      7.628000D+00           1.00000000D+00
S    1   1.00
      2.996000D+00           1.00000000D+00
S    1   1.00
      6.504000D-01           1.00000000D+00
S    1   1.00
      2.337000D-01           1.00000000D+00
P    1   1.00
      4.537000D+02           1.00000000D+00
P    1   1.00
      1.068000D+02           1.00000000D+00
P    1   1.00
      3.373000D+01           1.00000000D+00
P    1   1.00
      1.213000D+01           1.00000000D+00
P    1   1.00
      4.594000D+00           1.00000000D+00
P    1   1.00
      1.678000D+00           1.00000000D+00
P    1   1.00
      5.909000D-01           1.00000000D+00
P    1   1.00
      1.852000D-01           1.00000000D+00
D    1   1.00
      7.380000D-01           1.00000000D+00
****
Ca     0
S    1   1.00
      1.900007D+05           1.00000000D+00
S    1   1.00
      2.848146D+04           1.00000000D+00
S    1   1.00
      6.482701D+03           1.00000000D+00
S    1   1.00
      1.835891D+03           1.00000000D+00
S    1   1.00
      5.987243D+02           1.00000000D+00
S    1   1.00
      2.158841D+02           1.00000000D+00
S    1   1.00
      8.401242D+01           1.00000000D+00
S    1   1.00
      3.422488D+01           1.00000000D+00
S    1   1.00
      1.002497D+01           1.00000000D+00
S    1   1.00
      4.055920D+00           1.00000000D+00
S    1   1.00
      1.020261D+00           1.00000000D+00
S    1   1.00
      4.268650D-01           1.00000000D+00
S    1   1.00
      6.334700D-02           1.00000000D+00
S    1   1.00
      2.630100D-02           1.00000000D+00
P    1   1.00
      1.072043D+03           1.00000000D+00
P    1   1.00
      2.538439D+02           1.00000000D+00
P    1   1.00
      8.131626D+01           1.00000000D+00
P    1   1.00
      3.024183D+01           1.00000000D+00
P    1   1.00
      1.210110D+01           1.00000000D+00
P    1   1.00
      5.022554D+00           1.00000000D+00
P    1   1.00
      1.909220D+00           1.00000000D+00
P    1   1.00
      7.713040D-01           1.00000000D+00
P    1   1.00
      3.005700D-01           1.00000000D+00
P    1   1.00
      7.664900D-02           1.00000000D+00
P    1   1.00
      2.777200D-02           1.00000000D+00
D    1   1.00
      1.031820D+01           1.00000000D+00
D    1   1.00
      2.592420D+00           1.00000000D+00
D    1   1.00
      7.617000D-01           1.00000000D+00
D    1   1.00
      2.083800D-01           1.00000000D+00
D    1   1.00
      5.370000D-02           1.00000000D+00
****
Sc     0
S    1   1.00
      2.715278D+06           1.00000000D+00
S    1   1.00
      4.065984D+05           1.00000000D+00
S    1   1.00
      9.253004D+04           1.00000000D+00
S    1   1.00
      2.620792D+04           1.00000000D+00
S    1   1.00
      8.549429D+03           1.00000000D+00
S    1   1.00
      3.085975D+03           1.00000000D+00
S    1   1.00
      1.203172D+03           1.00000000D+00
S    1   1.00
      4.984869D+02           1.00000000D+00
S    1   1.00
      2.167360D+02           1.00000000D+00
S    1   1.00
      9.787476D+01           1.00000000D+00
S    1   1.00
      4.520433D+01           1.00000000D+00
S    1   1.00
      2.021187D+01           1.00000000D+00
S    1   1.00
      9.574751D+00           1.00000000D+00
S    1   1.00
      4.540346D+00           1.00000000D+00
S    1   1.00
      1.995687D+00           1.00000000D+00
S    1   1.00
      9.422150D-01           1.00000000D+00
S    1   1.00
      4.178450D-01           1.00000000D+00
S    1   1.00
      9.576100D-02           1.00000000D+00
S    1   1.00
      5.135100D-02           1.00000000D+00
S    1   1.00
      2.387800D-02           1.00000000D+00
P    1   1.00
      1.059219D+04           1.00000000D+00
P    1   1.00
      2.507533D+03           1.00000000D+00
P    1   1.00
      8.144571D+02           1.00000000D+00
P    1   1.00
      3.115195D+02           1.00000000D+00
P    1   1.00
      1.319617D+02           1.00000000D+00
P    1   1.00
      5.998718D+01           1.00000000D+00
P    1   1.00
      2.866250D+01           1.00000000D+00
P    1   1.00
      1.410851D+01           1.00000000D+00
P    1   1.00
      7.103706D+00           1.00000000D+00
P    1   1.00
      3.609200D+00           1.00000000D+00
P    1   1.00
      1.776070D+00           1.00000000D+00
P    1   1.00
      8.547600D-01           1.00000000D+00
P    1   1.00
      4.022390D-01           1.00000000D+00
P    1   1.00
      1.546650D-01           1.00000000D+00
P    1   1.00
      6.494500D-02           1.00000000D+00
P    1   1.00
      2.635900D-02           1.00000000D+00
D    1   1.00
      5.051380D+01           1.00000000D+00
D    1   1.00
      1.474050D+01           1.00000000D+00
D    1   1.00
      5.195000D+00           1.00000000D+00
D    1   1.00
      2.028460D+00           1.00000000D+00
D    1   1.00
      8.040860D-01           1.00000000D+00
D    1   1.00
      3.076890D-01           1.00000000D+00
D    1   1.00
      1.113920D-01           1.00000000D+00
D    1   1.00
      3.735200D-02           1.00000000D+00
F    1   1.00
      7.126000D-01           1.00000000D+00
F    1   1.00
      1.636000D-01           1.00000000D+00
****
Ti     0
S    1   1.00
      3.014643D+06           1.00000000D+00
S    1   1.00
      4.514329D+05           1.00000000D+00
S    1   1.00
      1.027338D+05           1.00000000D+00
S    1   1.00
      2.909817D+04           1.00000000D+00
S    1   1.00
      9.492330D+03           1.00000000D+00
S    1   1.00
      3.426346D+03           1.00000000D+00
S    1   1.00
      1.335896D+03           1.00000000D+00
S    1   1.00
      5.535026D+02           1.00000000D+00
S    1   1.00
      2.406925D+02           1.00000000D+00
S    1   1.00
      1.087293D+02           1.00000000D+00
S    1   1.00
      5.026457D+01           1.00000000D+00
S    1   1.00
      2.258004D+01           1.00000000D+00
S    1   1.00
      1.071432D+01           1.00000000D+00
S    1   1.00
      5.093546D+00           1.00000000D+00
S    1   1.00
      2.244183D+00           1.00000000D+00
S    1   1.00
      1.059570D+00           1.00000000D+00
S    1   1.00
      4.688490D-01           1.00000000D+00
S    1   1.00
      1.061430D-01           1.00000000D+00
S    1   1.00
      5.526200D-02           1.00000000D+00
S    1   1.00
      2.546500D-02           1.00000000D+00
P    1   1.00
      1.191203D+04           1.00000000D+00
P    1   1.00
      2.819947D+03           1.00000000D+00
P    1   1.00
      9.159479D+02           1.00000000D+00
P    1   1.00
      3.503842D+02           1.00000000D+00
P    1   1.00
      1.484825D+02           1.00000000D+00
P    1   1.00
      6.753944D+01           1.00000000D+00
P    1   1.00
      3.230332D+01           1.00000000D+00
P    1   1.00
      1.592786D+01           1.00000000D+00
P    1   1.00
      8.038035D+00           1.00000000D+00
P    1   1.00
      4.093916D+00           1.00000000D+00
P    1   1.00
      2.022390D+00           1.00000000D+00
P    1   1.00
      9.761020D-01           1.00000000D+00
P    1   1.00
      4.595950D-01           1.00000000D+00
P    1   1.00
      1.771520D-01           1.00000000D+00
P    1   1.00
      7.351700D-02           1.00000000D+00
P    1   1.00
      2.940100D-02           1.00000000D+00
D    1   1.00
      6.401300D+01           1.00000000D+00
D    1   1.00
      1.881790D+01           1.00000000D+00
D    1   1.00
      6.728700D+00           1.00000000D+00
D    1   1.00
      2.664130D+00           1.00000000D+00
D    1   1.00
      1.078680D+00           1.00000000D+00
D    1   1.00
      4.232090D-01           1.00000000D+00
D    1   1.00
      1.559990D-01           1.00000000D+00
D    1   1.00
      5.188400D-02           1.00000000D+00
F    1   1.00
      1.227400D+00           1.00000000D+00
F    1   1.00
      2.788000D-01           1.00000000D+00
****
V     0
S    1   1.00
      3.321857D+06           1.00000000D+00
S    1   1.00
      4.974356D+05           1.00000000D+00
S    1   1.00
      1.132027D+05           1.00000000D+00
S    1   1.00
      3.206333D+04           1.00000000D+00
S    1   1.00
      1.045962D+04           1.00000000D+00
S    1   1.00
      3.775506D+03           1.00000000D+00
S    1   1.00
      1.472040D+03           1.00000000D+00
S    1   1.00
      6.099331D+02           1.00000000D+00
S    1   1.00
      2.652634D+02           1.00000000D+00
S    1   1.00
      1.198607D+02           1.00000000D+00
S    1   1.00
      5.544891D+01           1.00000000D+00
S    1   1.00
      2.498372D+01           1.00000000D+00
S    1   1.00
      1.188056D+01           1.00000000D+00
S    1   1.00
      5.660311D+00           1.00000000D+00
S    1   1.00
      2.495703D+00           1.00000000D+00
S    1   1.00
      1.177866D+00           1.00000000D+00
S    1   1.00
      5.200440D-01           1.00000000D+00
S    1   1.00
      1.159650D-01           1.00000000D+00
S    1   1.00
      5.893800D-02           1.00000000D+00
S    1   1.00
      2.694600D-02           1.00000000D+00
P    1   1.00
      1.327320D+04           1.00000000D+00
P    1   1.00
      3.142126D+03           1.00000000D+00
P    1   1.00
      1.020588D+03           1.00000000D+00
P    1   1.00
      3.904407D+02           1.00000000D+00
P    1   1.00
      1.655043D+02           1.00000000D+00
P    1   1.00
      7.532006D+01           1.00000000D+00
P    1   1.00
      3.605503D+01           1.00000000D+00
P    1   1.00
      1.780436D+01           1.00000000D+00
P    1   1.00
      9.002929D+00           1.00000000D+00
P    1   1.00
      4.594544D+00           1.00000000D+00
P    1   1.00
      2.276760D+00           1.00000000D+00
P    1   1.00
      1.101178D+00           1.00000000D+00
P    1   1.00
      5.186380D-01           1.00000000D+00
P    1   1.00
      2.005650D-01           1.00000000D+00
P    1   1.00
      8.129100D-02           1.00000000D+00
P    1   1.00
      3.179500D-02           1.00000000D+00
D    1   1.00
      7.761150D+01           1.00000000D+00
D    1   1.00
      2.291590D+01           1.00000000D+00
D    1   1.00
      8.279540D+00           1.00000000D+00
D    1   1.00
      3.309930D+00           1.00000000D+00
D    1   1.00
      1.358630D+00           1.00000000D+00
D    1   1.00
      5.413500D-01           1.00000000D+00
D    1   1.00
      2.023560D-01           1.00000000D+00
D    1   1.00
      6.756800D-02           1.00000000D+00
F    1   1.00
      1.748800D+00           1.00000000D+00
F    1   1.00
      4.057000D-01           1.00000000D+00
****
Cr     0
S    1   1.00
      6.177194D+06           1.00000000D+00
S    1   1.00
      9.249295D+05           1.00000000D+00
S    1   1.00
      2.104865D+05           1.00000000D+00
S    1   1.00
      5.962005D+04           1.00000000D+00
S    1   1.00
      1.945076D+04           1.00000000D+00
S    1   1.00
      7.022056D+03           1.00000000D+00
S    1   1.00
      2.738763D+03           1.00000000D+00
S    1   1.00
      1.135814D+03           1.00000000D+00
S    1   1.00
      4.950923D+02           1.00000000D+00
S    1   1.00
      2.247487D+02           1.00000000D+00
S    1   1.00
      1.053836D+02           1.00000000D+00
S    1   1.00
      5.019359D+01           1.00000000D+00
S    1   1.00
      2.224957D+01           1.00000000D+00
S    1   1.00
      1.098265D+01           1.00000000D+00
S    1   1.00
      5.383665D+00           1.00000000D+00
S    1   1.00
      2.343685D+00           1.00000000D+00
S    1   1.00
      1.105202D+00           1.00000000D+00
S    1   1.00
      4.878480D-01           1.00000000D+00
S    1   1.00
      8.959900D-02           1.00000000D+00
S    1   1.00
      3.342300D-02           1.00000000D+00
P    1   1.00
      1.445420D+04           1.00000000D+00
P    1   1.00
      3.421676D+03           1.00000000D+00
P    1   1.00
      1.111387D+03           1.00000000D+00
P    1   1.00
      4.251918D+02           1.00000000D+00
P    1   1.00
      1.802623D+02           1.00000000D+00
P    1   1.00
      8.206117D+01           1.00000000D+00
P    1   1.00
      3.929726D+01           1.00000000D+00
P    1   1.00
      1.941959D+01           1.00000000D+00
P    1   1.00
      9.828899D+00           1.00000000D+00
P    1   1.00
      5.016810D+00           1.00000000D+00
P    1   1.00
      2.487091D+00           1.00000000D+00
P    1   1.00
      1.198780D+00           1.00000000D+00
P    1   1.00
      5.586950D-01           1.00000000D+00
P    1   1.00
      2.089240D-01           1.00000000D+00
P    1   1.00
      8.460800D-02           1.00000000D+00
P    1   1.00
      3.325800D-02           1.00000000D+00
D    1   1.00
      8.857680D+01           1.00000000D+00
D    1   1.00
      2.620450D+01           1.00000000D+00
D    1   1.00
      9.517470D+00           1.00000000D+00
D    1   1.00
      3.822480D+00           1.00000000D+00
D    1   1.00
      1.575120D+00           1.00000000D+00
D    1   1.00
      6.289280D-01           1.00000000D+00
D    1   1.00
      2.344240D-01           1.00000000D+00
D    1   1.00
      7.681500D-02           1.00000000D+00
F    1   1.00
      2.221100D+00           1.00000000D+00
F    1   1.00
      5.231000D-01           1.00000000D+00
****
Mn     0
S    1   1.00
      3.960805D+06           1.00000000D+00
S    1   1.00
      5.931155D+05           1.00000000D+00
S    1   1.00
      1.349768D+05           1.00000000D+00
S    1   1.00
      3.823067D+04           1.00000000D+00
S    1   1.00
      1.247154D+04           1.00000000D+00
S    1   1.00
      4.501743D+03           1.00000000D+00
S    1   1.00
      1.755212D+03           1.00000000D+00
S    1   1.00
      7.273039D+02           1.00000000D+00
S    1   1.00
      3.163678D+02           1.00000000D+00
S    1   1.00
      1.430098D+02           1.00000000D+00
S    1   1.00
      6.621805D+01           1.00000000D+00
S    1   1.00
      2.991896D+01           1.00000000D+00
S    1   1.00
      1.430318D+01           1.00000000D+00
S    1   1.00
      6.839451D+00           1.00000000D+00
S    1   1.00
      3.012374D+00           1.00000000D+00
S    1   1.00
      1.418808D+00           1.00000000D+00
S    1   1.00
      6.236240D-01           1.00000000D+00
S    1   1.00
      1.340980D-01           1.00000000D+00
S    1   1.00
      6.554800D-02           1.00000000D+00
S    1   1.00
      2.958400D-02           1.00000000D+00
P    1   1.00
      1.620586D+04           1.00000000D+00
P    1   1.00
      3.836274D+03           1.00000000D+00
P    1   1.00
      1.246048D+03           1.00000000D+00
P    1   1.00
      4.767535D+02           1.00000000D+00
P    1   1.00
      2.021895D+02           1.00000000D+00
P    1   1.00
      9.209487D+01           1.00000000D+00
P    1   1.00
      4.414720D+01           1.00000000D+00
P    1   1.00
      2.185468D+01           1.00000000D+00
P    1   1.00
      1.108596D+01           1.00000000D+00
P    1   1.00
      5.674108D+00           1.00000000D+00
P    1   1.00
      2.823170D+00           1.00000000D+00
P    1   1.00
      1.368621D+00           1.00000000D+00
P    1   1.00
      6.444310D-01           1.00000000D+00
P    1   1.00
      2.483820D-01           1.00000000D+00
P    1   1.00
      9.725500D-02           1.00000000D+00
P    1   1.00
      3.663300D-02           1.00000000D+00
D    1   1.00
      1.006630D+02           1.00000000D+00
D    1   1.00
      2.983360D+01           1.00000000D+00
D    1   1.00
      1.088940D+01           1.00000000D+00
D    1   1.00
      4.393580D+00           1.00000000D+00
D    1   1.00
      1.817820D+00           1.00000000D+00
D    1   1.00
      7.278270D-01           1.00000000D+00
D    1   1.00
      2.712950D-01           1.00000000D+00
D    1   1.00
      8.830900D-02           1.00000000D+00
F    1   1.00
      2.703200D+00           1.00000000D+00
F    1   1.00
      6.438000D-01           1.00000000D+00
****
Fe     0
S    1   1.00
      4.316265D+06           1.00000000D+00
S    1   1.00
      6.463424D+05           1.00000000D+00
S    1   1.00
      1.470897D+05           1.00000000D+00
S    1   1.00
      4.166152D+04           1.00000000D+00
S    1   1.00
      1.359077D+04           1.00000000D+00
S    1   1.00
      4.905750D+03           1.00000000D+00
S    1   1.00
      1.912746D+03           1.00000000D+00
S    1   1.00
      7.926043D+02           1.00000000D+00
S    1   1.00
      3.448065D+02           1.00000000D+00
S    1   1.00
      1.558999D+02           1.00000000D+00
S    1   1.00
      7.223091D+01           1.00000000D+00
S    1   1.00
      3.272506D+01           1.00000000D+00
S    1   1.00
      1.566762D+01           1.00000000D+00
S    1   1.00
      7.503483D+00           1.00000000D+00
S    1   1.00
      3.312223D+00           1.00000000D+00
S    1   1.00
      1.558471D+00           1.00000000D+00
S    1   1.00
      6.839140D-01           1.00000000D+00
S    1   1.00
      1.467570D-01           1.00000000D+00
S    1   1.00
      7.058300D-02           1.00000000D+00
S    1   1.00
      3.144900D-02           1.00000000D+00
P    1   1.00
      1.774569D+04           1.00000000D+00
P    1   1.00
      4.200721D+03           1.00000000D+00
P    1   1.00
      1.364429D+03           1.00000000D+00
P    1   1.00
      5.220806D+02           1.00000000D+00
P    1   1.00
      2.214595D+02           1.00000000D+00
P    1   1.00
      1.009096D+02           1.00000000D+00
P    1   1.00
      4.840115D+01           1.00000000D+00
P    1   1.00
      2.398536D+01           1.00000000D+00
P    1   1.00
      1.218250D+01           1.00000000D+00
P    1   1.00
      6.242298D+00           1.00000000D+00
P    1   1.00
      3.110944D+00           1.00000000D+00
P    1   1.00
      1.509958D+00           1.00000000D+00
P    1   1.00
      7.108450D-01           1.00000000D+00
P    1   1.00
      2.731900D-01           1.00000000D+00
P    1   1.00
      1.042330D-01           1.00000000D+00
P    1   1.00
      3.829100D-02           1.00000000D+00
D    1   1.00
      1.133440D+02           1.00000000D+00
D    1   1.00
      3.364140D+01           1.00000000D+00
D    1   1.00
      1.233100D+01           1.00000000D+00
D    1   1.00
      4.994780D+00           1.00000000D+00
D    1   1.00
      2.072800D+00           1.00000000D+00
D    1   1.00
      8.307530D-01           1.00000000D+00
D    1   1.00
      3.091780D-01           1.00000000D+00
D    1   1.00
      1.001300D-01           1.00000000D+00
F    1   1.00
      3.224300D+00           1.00000000D+00
F    1   1.00
      7.758000D-01           1.00000000D+00
****
Co     0
S    1   1.00
      4.675675D+06           1.00000000D+00
S    1   1.00
      7.001615D+05           1.00000000D+00
S    1   1.00
      1.593373D+05           1.00000000D+00
S    1   1.00
      4.513046D+04           1.00000000D+00
S    1   1.00
      1.472238D+04           1.00000000D+00
S    1   1.00
      5.314222D+03           1.00000000D+00
S    1   1.00
      2.072018D+03           1.00000000D+00
S    1   1.00
      8.586188D+02           1.00000000D+00
S    1   1.00
      3.735497D+02           1.00000000D+00
S    1   1.00
      1.689229D+02           1.00000000D+00
S    1   1.00
      7.829639D+01           1.00000000D+00
S    1   1.00
      3.552123D+01           1.00000000D+00
S    1   1.00
      1.704144D+01           1.00000000D+00
S    1   1.00
      8.173000D+00           1.00000000D+00
S    1   1.00
      3.610318D+00           1.00000000D+00
S    1   1.00
      1.697047D+00           1.00000000D+00
S    1   1.00
      7.435320D-01           1.00000000D+00
S    1   1.00
      1.583440D-01           1.00000000D+00
S    1   1.00
      7.503600D-02           1.00000000D+00
S    1   1.00
      3.309100D-02           1.00000000D+00
P    1   1.00
      1.926778D+04           1.00000000D+00
P    1   1.00
      4.560986D+03           1.00000000D+00
P    1   1.00
      1.481436D+03           1.00000000D+00
P    1   1.00
      5.668671D+02           1.00000000D+00
P    1   1.00
      2.404910D+02           1.00000000D+00
P    1   1.00
      1.096105D+02           1.00000000D+00
P    1   1.00
      5.259491D+01           1.00000000D+00
P    1   1.00
      2.608361D+01           1.00000000D+00
P    1   1.00
      1.326143D+01           1.00000000D+00
P    1   1.00
      6.799778D+00           1.00000000D+00
P    1   1.00
      3.393414D+00           1.00000000D+00
P    1   1.00
      1.648766D+00           1.00000000D+00
P    1   1.00
      7.762820D-01           1.00000000D+00
P    1   1.00
      2.980030D-01           1.00000000D+00
P    1   1.00
      1.136180D-01           1.00000000D+00
P    1   1.00
      4.162400D-02           1.00000000D+00
D    1   1.00
      1.262640D+02           1.00000000D+00
D    1   1.00
      3.752260D+01           1.00000000D+00
D    1   1.00
      1.380210D+01           1.00000000D+00
D    1   1.00
      5.609270D+00           1.00000000D+00
D    1   1.00
      2.333690D+00           1.00000000D+00
D    1   1.00
      9.364150D-01           1.00000000D+00
D    1   1.00
      3.482370D-01           1.00000000D+00
D    1   1.00
      1.123530D-01           1.00000000D+00
F    1   1.00
      3.772400D+00           1.00000000D+00
F    1   1.00
      9.170000D-01           1.00000000D+00
****
Ni     0
S    1   1.00
      5.045991D+06           1.00000000D+00
S    1   1.00
      7.556142D+05           1.00000000D+00
S    1   1.00
      1.719568D+05           1.00000000D+00
S    1   1.00
      4.870479D+04           1.00000000D+00
S    1   1.00
      1.588841D+04           1.00000000D+00
S    1   1.00
      5.735123D+03           1.00000000D+00
S    1   1.00
      2.236137D+03           1.00000000D+00
S    1   1.00
      9.266468D+02           1.00000000D+00
S    1   1.00
      4.031743D+02           1.00000000D+00
S    1   1.00
      1.823476D+02           1.00000000D+00
S    1   1.00
      8.454885D+01           1.00000000D+00
S    1   1.00
      3.839634D+01           1.00000000D+00
S    1   1.00
      1.845859D+01           1.00000000D+00
S    1   1.00
      8.863548D+00           1.00000000D+00
S    1   1.00
      3.916227D+00           1.00000000D+00
S    1   1.00
      1.838870D+00           1.00000000D+00
S    1   1.00
      8.043620D-01           1.00000000D+00
S    1   1.00
      1.697970D-01           1.00000000D+00
S    1   1.00
      7.930600D-02           1.00000000D+00
S    1   1.00
      3.467700D-02           1.00000000D+00
P    1   1.00
      2.102792D+04           1.00000000D+00
P    1   1.00
      4.977560D+03           1.00000000D+00
P    1   1.00
      1.616740D+03           1.00000000D+00
P    1   1.00
      6.186718D+02           1.00000000D+00
P    1   1.00
      2.625183D+02           1.00000000D+00
P    1   1.00
      1.196907D+02           1.00000000D+00
P    1   1.00
      5.746585D+01           1.00000000D+00
P    1   1.00
      2.852829D+01           1.00000000D+00
P    1   1.00
      1.452148D+01           1.00000000D+00
P    1   1.00
      7.453850D+00           1.00000000D+00
P    1   1.00
      3.723553D+00           1.00000000D+00
P    1   1.00
      1.809813D+00           1.00000000D+00
P    1   1.00
      8.513360D-01           1.00000000D+00
P    1   1.00
      3.248140D-01           1.00000000D+00
P    1   1.00
      1.195220D-01           1.00000000D+00
P    1   1.00
      4.236600D-02           1.00000000D+00
D    1   1.00
      1.402527D+02           1.00000000D+00
D    1   1.00
      4.172610D+01           1.00000000D+00
D    1   1.00
      1.539810D+01           1.00000000D+00
D    1   1.00
      6.277100D+00           1.00000000D+00
D    1   1.00
      2.618500D+00           1.00000000D+00
D    1   1.00
      1.052600D+00           1.00000000D+00
D    1   1.00
      3.916000D-01           1.00000000D+00
D    1   1.00
      1.262000D-01           1.00000000D+00
F    1   1.00
      4.345500D+00           1.00000000D+00
F    1   1.00
      1.068000D+00           1.00000000D+00
****
Cu     0
S    1   1.00
      5.430321D+06           1.00000000D+00
S    1   1.00
      8.131665D+05           1.00000000D+00
S    1   1.00
      1.850544D+05           1.00000000D+00
S    1   1.00
      5.241466D+04           1.00000000D+00
S    1   1.00
      1.709868D+04           1.00000000D+00
S    1   1.00
      6.171994D+03           1.00000000D+00
S    1   1.00
      2.406481D+03           1.00000000D+00
S    1   1.00
      9.972584D+02           1.00000000D+00
S    1   1.00
      4.339289D+02           1.00000000D+00
S    1   1.00
      1.962869D+02           1.00000000D+00
S    1   1.00
      9.104280D+01           1.00000000D+00
S    1   1.00
      4.138425D+01           1.00000000D+00
S    1   1.00
      1.993278D+01           1.00000000D+00
S    1   1.00
      9.581891D+00           1.00000000D+00
S    1   1.00
      4.234516D+00           1.00000000D+00
S    1   1.00
      1.985814D+00           1.00000000D+00
S    1   1.00
      8.670830D-01           1.00000000D+00
S    1   1.00
      1.813390D-01           1.00000000D+00
S    1   1.00
      8.365700D-02           1.00000000D+00
S    1   1.00
      3.626700D-02           1.00000000D+00
P    1   1.00
      2.276057D+04           1.00000000D+00
P    1   1.00
      5.387679D+03           1.00000000D+00
P    1   1.00
      1.749945D+03           1.00000000D+00
P    1   1.00
      6.696653D+02           1.00000000D+00
P    1   1.00
      2.841948D+02           1.00000000D+00
P    1   1.00
      1.296077D+02           1.00000000D+00
P    1   1.00
      6.225415D+01           1.00000000D+00
P    1   1.00
      3.092964D+01           1.00000000D+00
P    1   1.00
      1.575827D+01           1.00000000D+00
P    1   1.00
      8.094211D+00           1.00000000D+00
P    1   1.00
      4.046921D+00           1.00000000D+00
P    1   1.00
      1.967869D+00           1.00000000D+00
P    1   1.00
      9.252950D-01           1.00000000D+00
P    1   1.00
      3.529920D-01           1.00000000D+00
P    1   1.00
      1.273070D-01           1.00000000D+00
P    1   1.00
      4.435600D-02           1.00000000D+00
D    1   1.00
      1.738970D+02           1.00000000D+00
D    1   1.00
      5.188690D+01           1.00000000D+00
D    1   1.00
      1.934190D+01           1.00000000D+00
D    1   1.00
      7.975720D+00           1.00000000D+00
D    1   1.00
      3.398230D+00           1.00000000D+00
D    1   1.00
      1.409320D+00           1.00000000D+00
D    1   1.00
      5.488580D-01           1.00000000D+00
D    1   1.00
      1.901990D-01           1.00000000D+00
F    1   1.00
      5.028600D+00           1.00000000D+00
F    1   1.00
      1.259400D+00           1.00000000D+00
****
Zn     0
S    1   1.00
      5.820021D+06           1.00000000D+00
S    1   1.00
      8.715234D+05           1.00000000D+00
S    1   1.00
      1.983350D+05           1.00000000D+00
S    1   1.00
      5.617631D+04           1.00000000D+00
S    1   1.00
      1.832582D+04           1.00000000D+00
S    1   1.00
      6.614955D+03           1.00000000D+00
S    1   1.00
      2.579199D+03           1.00000000D+00
S    1   1.00
      1.068849D+03           1.00000000D+00
S    1   1.00
      4.651045D+02           1.00000000D+00
S    1   1.00
      2.104130D+02           1.00000000D+00
S    1   1.00
      9.761629D+01           1.00000000D+00
S    1   1.00
      4.438020D+01           1.00000000D+00
S    1   1.00
      2.142308D+01           1.00000000D+00
S    1   1.00
      1.030891D+01           1.00000000D+00
S    1   1.00
      4.553645D+00           1.00000000D+00
S    1   1.00
      2.132821D+00           1.00000000D+00
S    1   1.00
      9.296970D-01           1.00000000D+00
S    1   1.00
      1.921470D-01           1.00000000D+00
S    1   1.00
      8.759500D-02           1.00000000D+00
S    1   1.00
      3.770200D-02           1.00000000D+00
P    1   1.00
      2.441198D+04           1.00000000D+00
P    1   1.00
      5.778518D+03           1.00000000D+00
P    1   1.00
      1.876862D+03           1.00000000D+00
P    1   1.00
      7.182361D+02           1.00000000D+00
P    1   1.00
      3.048327D+02           1.00000000D+00
P    1   1.00
      1.390453D+02           1.00000000D+00
P    1   1.00
      6.680417D+01           1.00000000D+00
P    1   1.00
      3.320699D+01           1.00000000D+00
P    1   1.00
      1.692816D+01           1.00000000D+00
P    1   1.00
      8.696229D+00           1.00000000D+00
P    1   1.00
      4.350510D+00           1.00000000D+00
P    1   1.00
      2.116523D+00           1.00000000D+00
P    1   1.00
      9.953870D-01           1.00000000D+00
P    1   1.00
      3.781120D-01           1.00000000D+00
P    1   1.00
      1.345790D-01           1.00000000D+00
P    1   1.00
      4.628200D-02           1.00000000D+00
D    1   1.00
      2.056177D+02           1.00000000D+00
D    1   1.00
      6.144981D+01           1.00000000D+00
D    1   1.00
      2.305689D+01           1.00000000D+00
D    1   1.00
      9.577739D+00           1.00000000D+00
D    1   1.00
      4.133734D+00           1.00000000D+00
D    1   1.00
      1.747518D+00           1.00000000D+00
D    1   1.00
      6.995600D-01           1.00000000D+00
D    1   1.00
      2.516080D-01           1.00000000D+00
F    1   1.00
      5.734400D+00           1.00000000D+00
F    1   1.00
      1.461500D+00           1.00000000D+00
****
Ga     0
S    1   1.00
      4.851300D+05           1.00000000D+00
S    1   1.00
      7.271900D+04           1.00000000D+00
S    1   1.00
      1.655200D+04           1.00000000D+00
S    1   1.00
      4.687800D+03           1.00000000D+00
S    1   1.00
      1.529100D+03           1.00000000D+00
S    1   1.00
      5.518100D+02           1.00000000D+00
S    1   1.00
      2.151800D+02           1.00000000D+00
S    1   1.00
      8.817400D+01           1.00000000D+00
S    1   1.00
      2.715400D+01           1.00000000D+00
S    1   1.00
      1.150300D+01           1.00000000D+00
S    1   1.00
      3.301800D+00           1.00000000D+00
S    1   1.00
      1.331400D+00           1.00000000D+00
S    1   1.00
      1.931600D-01           1.00000000D+00
S    1   1.00
      7.089500D-02           1.00000000D+00
P    1   1.00
      3.248600D+03           1.00000000D+00
P    1   1.00
      7.699700D+02           1.00000000D+00
P    1   1.00
      2.482000D+02           1.00000000D+00
P    1   1.00
      9.336400D+01           1.00000000D+00
P    1   1.00
      3.825100D+01           1.00000000D+00
P    1   1.00
      1.642200D+01           1.00000000D+00
P    1   1.00
      6.791800D+00           1.00000000D+00
P    1   1.00
      2.833600D+00           1.00000000D+00
P    1   1.00
      1.106200D+00           1.00000000D+00
P    1   1.00
      2.225000D-01           1.00000000D+00
P    1   1.00
      6.177200D-02           1.00000000D+00
D    1   1.00
      6.533700D+01           1.00000000D+00
D    1   1.00
      1.849700D+01           1.00000000D+00
D    1   1.00
      6.315000D+00           1.00000000D+00
D    1   1.00
      2.163500D+00           1.00000000D+00
D    1   1.00
      6.667500D-01           1.00000000D+00
D    1   1.00
      1.884000D-01           1.00000000D+00
****
Ge     0
S    1   1.00
      5.218000D+05           1.00000000D+00
S    1   1.00
      7.821400D+04           1.00000000D+00
S    1   1.00
      1.780300D+04           1.00000000D+00
S    1   1.00
      5.041900D+03           1.00000000D+00
S    1   1.00
      1.644500D+03           1.00000000D+00
S    1   1.00
      5.934300D+02           1.00000000D+00
S    1   1.00
      2.313600D+02           1.00000000D+00
S    1   1.00
      9.476200D+01           1.00000000D+00
S    1   1.00
      2.927400D+01           1.00000000D+00
S    1   1.00
      1.245000D+01           1.00000000D+00
S    1   1.00
      3.646300D+00           1.00000000D+00
S    1   1.00
      1.502500D+00           1.00000000D+00
S    1   1.00
      2.450300D-01           1.00000000D+00
S    1   1.00
      9.159400D-02           1.00000000D+00
P    1   1.00
      3.568100D+03           1.00000000D+00
P    1   1.00
      8.457200D+02           1.00000000D+00
P    1   1.00
      2.727400D+02           1.00000000D+00
P    1   1.00
      1.026800D+02           1.00000000D+00
P    1   1.00
      4.214800D+01           1.00000000D+00
P    1   1.00
      1.814900D+01           1.00000000D+00
P    1   1.00
      7.593400D+00           1.00000000D+00
P    1   1.00
      3.196400D+00           1.00000000D+00
P    1   1.00
      1.274300D+00           1.00000000D+00
P    1   1.00
      2.825800D-01           1.00000000D+00
P    1   1.00
      8.409000D-02           1.00000000D+00
D    1   1.00
      7.476200D+01           1.00000000D+00
D    1   1.00
      2.130200D+01           1.00000000D+00
D    1   1.00
      7.343600D+00           1.00000000D+00
D    1   1.00
      2.565100D+00           1.00000000D+00
D    1   1.00
      8.197000D-01           1.00000000D+00
D    1   1.00
      2.470000D-01           1.00000000D+00
****
As     0
S    1   1.00
      5.595838D+05           1.00000000D+00
S    1   1.00
      8.387933D+04           1.00000000D+00
S    1   1.00
      1.909267D+04           1.00000000D+00
S    1   1.00
      5.407392D+03           1.00000000D+00
S    1   1.00
      1.763756D+03           1.00000000D+00
S    1   1.00
      6.364567D+02           1.00000000D+00
S    1   1.00
      2.480884D+02           1.00000000D+00
S    1   1.00
      1.015785D+02           1.00000000D+00
S    1   1.00
      3.147551D+01           1.00000000D+00
S    1   1.00
      1.343728D+01           1.00000000D+00
S    1   1.00
      4.008690D+00           1.00000000D+00
S    1   1.00
      1.684929D+00           1.00000000D+00
S    1   1.00
      3.000190D-01           1.00000000D+00
S    1   1.00
      1.135870D-01           1.00000000D+00
P    1   1.00
      3.886356D+03           1.00000000D+00
P    1   1.00
      9.212020D+02           1.00000000D+00
P    1   1.00
      2.971932D+02           1.00000000D+00
P    1   1.00
      1.119751D+02           1.00000000D+00
P    1   1.00
      4.603462D+01           1.00000000D+00
P    1   1.00
      1.987419D+01           1.00000000D+00
P    1   1.00
      8.386088D+00           1.00000000D+00
P    1   1.00
      3.558728D+00           1.00000000D+00
P    1   1.00
      1.447282D+00           1.00000000D+00
P    1   1.00
      3.477790D-01           1.00000000D+00
P    1   1.00
      1.076990D-01           1.00000000D+00
D    1   1.00
      8.442423D+01           1.00000000D+00
D    1   1.00
      2.418159D+01           1.00000000D+00
D    1   1.00
      8.401777D+00           1.00000000D+00
D    1   1.00
      2.980502D+00           1.00000000D+00
D    1   1.00
      9.790030D-01           1.00000000D+00
D    1   1.00
      3.098000D-01           1.00000000D+00
****
Se     0
S    1   1.00
      5.989900D+05           1.00000000D+00
S    1   1.00
      8.978300D+04           1.00000000D+00
S    1   1.00
      2.043500D+04           1.00000000D+00
S    1   1.00
      5.786900D+03           1.00000000D+00
S    1   1.00
      1.887300D+03           1.00000000D+00
S    1   1.00
      6.809700D+02           1.00000000D+00
S    1   1.00
      2.653900D+02           1.00000000D+00
S    1   1.00
      1.086300D+02           1.00000000D+00
S    1   1.00
      3.376000D+01           1.00000000D+00
S    1   1.00
      1.446500D+01           1.00000000D+00
S    1   1.00
      4.389000D+00           1.00000000D+00
S    1   1.00
      1.878300D+00           1.00000000D+00
S    1   1.00
      3.585900D-01           1.00000000D+00
S    1   1.00
      1.364900D-01           1.00000000D+00
P    1   1.00
      4.135600D+03           1.00000000D+00
P    1   1.00
      9.803400D+02           1.00000000D+00
P    1   1.00
      3.163500D+02           1.00000000D+00
P    1   1.00
      1.192500D+02           1.00000000D+00
P    1   1.00
      4.906800D+01           1.00000000D+00
P    1   1.00
      2.121200D+01           1.00000000D+00
P    1   1.00
      8.946200D+00           1.00000000D+00
P    1   1.00
      3.823600D+00           1.00000000D+00
P    1   1.00
      1.588300D+00           1.00000000D+00
P    1   1.00
      4.096900D-01           1.00000000D+00
P    1   1.00
      1.245900D-01           1.00000000D+00
D    1   1.00
      9.447200D+01           1.00000000D+00
D    1   1.00
      2.718000D+01           1.00000000D+00
D    1   1.00
      9.506800D+00           1.00000000D+00
D    1   1.00
      3.416800D+00           1.00000000D+00
D    1   1.00
      1.147900D+00           1.00000000D+00
D    1   1.00
      3.682000D-01           1.00000000D+00
****
Br     0
S    1   1.00
      6.401000D+05           1.00000000D+00
S    1   1.00
      9.593800D+04           1.00000000D+00
S    1   1.00
      2.183300D+04           1.00000000D+00
S    1   1.00
      6.181900D+03           1.00000000D+00
S    1   1.00
      2.015700D+03           1.00000000D+00
S    1   1.00
      7.271000D+02           1.00000000D+00
S    1   1.00
      2.832800D+02           1.00000000D+00
S    1   1.00
      1.159100D+02           1.00000000D+00
S    1   1.00
      3.612400D+01           1.00000000D+00
S    1   1.00
      1.553200D+01           1.00000000D+00
S    1   1.00
      4.785700D+00           1.00000000D+00
S    1   1.00
      2.081700D+00           1.00000000D+00
S    1   1.00
      4.202800D-01           1.00000000D+00
S    1   1.00
      1.606900D-01           1.00000000D+00
P    1   1.00
      4.340800D+03           1.00000000D+00
P    1   1.00
      1.028900D+03           1.00000000D+00
P    1   1.00
      3.320200D+02           1.00000000D+00
P    1   1.00
      1.251600D+02           1.00000000D+00
P    1   1.00
      5.151100D+01           1.00000000D+00
P    1   1.00
      2.228100D+01           1.00000000D+00
P    1   1.00
      9.341700D+00           1.00000000D+00
P    1   1.00
      4.013200D+00           1.00000000D+00
P    1   1.00
      1.700200D+00           1.00000000D+00
P    1   1.00
      4.719400D-01           1.00000000D+00
P    1   1.00
      1.442100D-01           1.00000000D+00
D    1   1.00
      1.048300D+02           1.00000000D+00
D    1   1.00
      3.027200D+01           1.00000000D+00
D    1   1.00
      1.064900D+01           1.00000000D+00
D    1   1.00
      3.869600D+00           1.00000000D+00
D    1   1.00
      1.323900D+00           1.00000000D+00
D    1   1.00
      4.098000D-01           1.00000000D+00
****
Kr     0
S    1   1.00
      6.813588D+05           1.00000000D+00
S    1   1.00
      1.021265D+05           1.00000000D+00
S    1   1.00
      2.324371D+04           1.00000000D+00
S    1   1.00
      6.582007D+03           1.00000000D+00
S    1   1.00
      2.146429D+03           1.00000000D+00
S    1   1.00
      7.743378D+02           1.00000000D+00
S    1   1.00
      3.016702D+02           1.00000000D+00
S    1   1.00
      1.234118D+02           1.00000000D+00
S    1   1.00
      3.856755D+01           1.00000000D+00
S    1   1.00
      1.663738D+01           1.00000000D+00
S    1   1.00
      5.198795D+00           1.00000000D+00
S    1   1.00
      2.294814D+00           1.00000000D+00
S    1   1.00
      4.852110D-01           1.00000000D+00
S    1   1.00
      1.862700D-01           1.00000000D+00
P    1   1.00
      4.474270D+03           1.00000000D+00
P    1   1.00
      1.060579D+03           1.00000000D+00
P    1   1.00
      3.422081D+02           1.00000000D+00
P    1   1.00
      1.289984D+02           1.00000000D+00
P    1   1.00
      5.308722D+01           1.00000000D+00
P    1   1.00
      2.295942D+01           1.00000000D+00
P    1   1.00
      9.507300D+00           1.00000000D+00
P    1   1.00
      4.083055D+00           1.00000000D+00
P    1   1.00
      1.750446D+00           1.00000000D+00
P    1   1.00
      5.291900D-01           1.00000000D+00
P    1   1.00
      1.643690D-01           1.00000000D+00
D    1   1.00
      1.155253D+02           1.00000000D+00
D    1   1.00
      3.346525D+01           1.00000000D+00
D    1   1.00
      1.183046D+01           1.00000000D+00
D    1   1.00
      4.339771D+00           1.00000000D+00
D    1   1.00
      1.507524D+00           1.00000000D+00
D    1   1.00
      5.030000D-01           1.00000000D+00
****
